{
 "cells": [
  {
   "cell_type": "code",
   "execution_count": 28,
   "metadata": {},
   "outputs": [],
   "source": [
    "# import essential libraries\n",
    "import pandas as pd\n",
    "\n",
    "# plots\n",
    "import matplotlib.pyplot as plt\n",
    "import seaborn as sns\n",
    "import plotly.express as px\n",
    "import plotly.graph_objs as go\n",
    "import matplotlib.ticker as ticker\n",
    "\n",
    "# ml\n",
    "from sklearn.preprocessing import MinMaxScaler\n",
    "from sklearn.decomposition import PCA\n",
    "from sklearn import linear_model"
   ]
  },
  {
   "cell_type": "markdown",
   "metadata": {},
   "source": [
    "## Data preprocessing"
   ]
  },
  {
   "cell_type": "code",
   "execution_count": 8,
   "metadata": {},
   "outputs": [
    {
     "data": {
      "text/html": [
       "<div>\n",
       "<style scoped>\n",
       "    .dataframe tbody tr th:only-of-type {\n",
       "        vertical-align: middle;\n",
       "    }\n",
       "\n",
       "    .dataframe tbody tr th {\n",
       "        vertical-align: top;\n",
       "    }\n",
       "\n",
       "    .dataframe thead th {\n",
       "        text-align: right;\n",
       "    }\n",
       "</style>\n",
       "<table border=\"1\" class=\"dataframe\">\n",
       "  <thead>\n",
       "    <tr style=\"text-align: right;\">\n",
       "      <th></th>\n",
       "      <th>names</th>\n",
       "      <th>genres</th>\n",
       "      <th>danceability</th>\n",
       "      <th>energy</th>\n",
       "      <th>key</th>\n",
       "      <th>loudness</th>\n",
       "      <th>mode</th>\n",
       "      <th>speechiness</th>\n",
       "      <th>acousticness</th>\n",
       "      <th>instrumentalness</th>\n",
       "      <th>liveness</th>\n",
       "      <th>valence</th>\n",
       "      <th>tempo</th>\n",
       "      <th>duration_min</th>\n",
       "    </tr>\n",
       "  </thead>\n",
       "  <tbody>\n",
       "    <tr>\n",
       "      <th>0</th>\n",
       "      <td>LayLaLay</td>\n",
       "      <td>Pop/Ballad</td>\n",
       "      <td>0.549</td>\n",
       "      <td>0.568</td>\n",
       "      <td>6</td>\n",
       "      <td>-8.159</td>\n",
       "      <td>0</td>\n",
       "      <td>0.1760</td>\n",
       "      <td>0.0859</td>\n",
       "      <td>0.0000</td>\n",
       "      <td>0.0863</td>\n",
       "      <td>0.351</td>\n",
       "      <td>174.038</td>\n",
       "      <td>3.862067</td>\n",
       "    </tr>\n",
       "    <tr>\n",
       "      <th>1</th>\n",
       "      <td>Dù Cho Mai Về Sau (Acoustic Version)</td>\n",
       "      <td>Indie/Hip Hop</td>\n",
       "      <td>0.640</td>\n",
       "      <td>0.355</td>\n",
       "      <td>11</td>\n",
       "      <td>-7.637</td>\n",
       "      <td>1</td>\n",
       "      <td>0.0876</td>\n",
       "      <td>0.8000</td>\n",
       "      <td>0.0000</td>\n",
       "      <td>0.1100</td>\n",
       "      <td>0.815</td>\n",
       "      <td>145.142</td>\n",
       "      <td>3.558167</td>\n",
       "    </tr>\n",
       "    <tr>\n",
       "      <th>2</th>\n",
       "      <td>Xin Đừng Nhấc Máy</td>\n",
       "      <td>Indie/Hip Hop</td>\n",
       "      <td>0.873</td>\n",
       "      <td>0.755</td>\n",
       "      <td>7</td>\n",
       "      <td>-4.506</td>\n",
       "      <td>1</td>\n",
       "      <td>0.1400</td>\n",
       "      <td>0.2930</td>\n",
       "      <td>0.0000</td>\n",
       "      <td>0.0881</td>\n",
       "      <td>0.773</td>\n",
       "      <td>94.017</td>\n",
       "      <td>3.124233</td>\n",
       "    </tr>\n",
       "    <tr>\n",
       "      <th>3</th>\n",
       "      <td>Có Lẽ Anh Chưa Từng</td>\n",
       "      <td>Pop/Ballad</td>\n",
       "      <td>0.635</td>\n",
       "      <td>0.439</td>\n",
       "      <td>9</td>\n",
       "      <td>-10.434</td>\n",
       "      <td>0</td>\n",
       "      <td>0.0444</td>\n",
       "      <td>0.6090</td>\n",
       "      <td>0.0000</td>\n",
       "      <td>0.2000</td>\n",
       "      <td>0.661</td>\n",
       "      <td>147.871</td>\n",
       "      <td>4.908917</td>\n",
       "    </tr>\n",
       "    <tr>\n",
       "      <th>4</th>\n",
       "      <td>Cho Mình Em</td>\n",
       "      <td>Indie/Hip Hop</td>\n",
       "      <td>0.603</td>\n",
       "      <td>0.412</td>\n",
       "      <td>0</td>\n",
       "      <td>-10.359</td>\n",
       "      <td>1</td>\n",
       "      <td>0.0579</td>\n",
       "      <td>0.8910</td>\n",
       "      <td>0.0212</td>\n",
       "      <td>0.1150</td>\n",
       "      <td>0.371</td>\n",
       "      <td>99.886</td>\n",
       "      <td>3.440000</td>\n",
       "    </tr>\n",
       "  </tbody>\n",
       "</table>\n",
       "</div>"
      ],
      "text/plain": [
       "                                  names         genres  danceability  energy  \\\n",
       "0                              LayLaLay     Pop/Ballad         0.549   0.568   \n",
       "1  Dù Cho Mai Về Sau (Acoustic Version)  Indie/Hip Hop         0.640   0.355   \n",
       "2                     Xin Đừng Nhấc Máy  Indie/Hip Hop         0.873   0.755   \n",
       "3                   Có Lẽ Anh Chưa Từng     Pop/Ballad         0.635   0.439   \n",
       "4                           Cho Mình Em  Indie/Hip Hop         0.603   0.412   \n",
       "\n",
       "   key  loudness  mode  speechiness  acousticness  instrumentalness  liveness  \\\n",
       "0    6    -8.159     0       0.1760        0.0859            0.0000    0.0863   \n",
       "1   11    -7.637     1       0.0876        0.8000            0.0000    0.1100   \n",
       "2    7    -4.506     1       0.1400        0.2930            0.0000    0.0881   \n",
       "3    9   -10.434     0       0.0444        0.6090            0.0000    0.2000   \n",
       "4    0   -10.359     1       0.0579        0.8910            0.0212    0.1150   \n",
       "\n",
       "   valence    tempo  duration_min  \n",
       "0    0.351  174.038      3.862067  \n",
       "1    0.815  145.142      3.558167  \n",
       "2    0.773   94.017      3.124233  \n",
       "3    0.661  147.871      4.908917  \n",
       "4    0.371   99.886      3.440000  "
      ]
     },
     "execution_count": 8,
     "metadata": {},
     "output_type": "execute_result"
    }
   ],
   "source": [
    "vpop = pd.read_csv('https://raw.githubusercontent.com/tvo10/DSCT/main/Capstone/Data%20Wrangling/vpop.csv')\n",
    "vpop.head()"
   ]
  },
  {
   "cell_type": "markdown",
   "metadata": {},
   "source": [
    "## Explore Data"
   ]
  },
  {
   "cell_type": "code",
   "execution_count": 13,
   "metadata": {},
   "outputs": [
    {
     "data": {
      "application/vnd.plotly.v1+json": {
       "config": {
        "plotlyServerURL": "https://plot.ly"
       },
       "data": [
        {
         "colorscale": [
          [
           0,
           "#440154"
          ],
          [
           0.1111111111111111,
           "#482878"
          ],
          [
           0.2222222222222222,
           "#3e4989"
          ],
          [
           0.3333333333333333,
           "#31688e"
          ],
          [
           0.4444444444444444,
           "#26828e"
          ],
          [
           0.5555555555555556,
           "#1f9e89"
          ],
          [
           0.6666666666666666,
           "#35b779"
          ],
          [
           0.7777777777777778,
           "#6ece58"
          ],
          [
           0.8888888888888888,
           "#b5de2b"
          ],
          [
           1,
           "#fde725"
          ]
         ],
         "type": "heatmap",
         "x": [
          "danceability",
          "energy",
          "key",
          "loudness",
          "mode",
          "speechiness",
          "acousticness",
          "instrumentalness",
          "liveness",
          "valence",
          "tempo",
          "duration_min"
         ],
         "y": [
          "danceability",
          "energy",
          "key",
          "loudness",
          "mode",
          "speechiness",
          "acousticness",
          "instrumentalness",
          "liveness",
          "valence",
          "tempo",
          "duration_min"
         ],
         "z": [
          [
           1,
           0.3155713843319089,
           -0.02031438656342972,
           0.06937386865724572,
           -0.009507787846052404,
           0.271246926324457,
           -0.34055013311993465,
           0.05009901044954564,
           0.023184984925932597,
           0.44393715897138936,
           -0.16647350015420456,
           -0.461328309747986
          ],
          [
           0.3155713843319089,
           1,
           0.024248072914372594,
           0.6962069512826412,
           -0.12227596897971661,
           0.09666891812863555,
           -0.5615082984533525,
           -0.0371304429149428,
           0.08079937544955122,
           0.41323444513324487,
           0.035683161562087604,
           -0.2305508787002145
          ],
          [
           -0.02031438656342972,
           0.024248072914372594,
           1,
           0.05168995337095636,
           -0.09339916818413276,
           -0.010058073313763379,
           -0.04843749538525207,
           -0.03710635928070529,
           0.015523538355139293,
           0.019498181614180623,
           0.008543451616359408,
           0.02157915275785426
          ],
          [
           0.06937386865724572,
           0.6962069512826412,
           0.05168995337095636,
           1,
           -0.1296889449016062,
           -0.1665618434586225,
           -0.3438103454872525,
           -0.15386583576106153,
           0.006461963425686066,
           0.21244316104914965,
           0.024893122501088376,
           0.03490381327862815
          ],
          [
           -0.009507787846052404,
           -0.12227596897971661,
           -0.09339916818413276,
           -0.1296889449016062,
           1,
           0.026374016088614022,
           0.0452980059098583,
           0.0216817113676295,
           -0.012081945883309525,
           0.00032685471674734665,
           -0.021738243321351183,
           -0.031481071055528456
          ],
          [
           0.271246926324457,
           0.09666891812863555,
           -0.010058073313763379,
           -0.1665618434586225,
           0.026374016088614022,
           1,
           -0.07609307395305422,
           0.05666273688875961,
           0.13592951416828014,
           0.11244592562729214,
           0.09430676156168832,
           -0.33366502176265195
          ],
          [
           -0.34055013311993465,
           -0.5615082984533525,
           -0.04843749538525207,
           -0.3438103454872525,
           0.0452980059098583,
           -0.07609307395305422,
           1,
           0.061082908370382716,
           -0.033378248162381656,
           -0.2411041017108257,
           -0.041901505743142844,
           0.22644904434343321
          ],
          [
           0.05009901044954564,
           -0.0371304429149428,
           -0.03710635928070529,
           -0.15386583576106153,
           0.0216817113676295,
           0.05666273688875961,
           0.061082908370382716,
           1,
           -0.001173578860814406,
           -0.0016529041940636369,
           -0.013293797592116028,
           -0.07630203110054463
          ],
          [
           0.023184984925932597,
           0.08079937544955122,
           0.015523538355139293,
           0.006461963425686066,
           -0.012081945883309525,
           0.13592951416828014,
           -0.033378248162381656,
           -0.001173578860814406,
           1,
           0.030358036689289006,
           -0.021171784066785482,
           -0.03835683105778328
          ],
          [
           0.44393715897138936,
           0.41323444513324487,
           0.019498181614180623,
           0.21244316104914965,
           0.00032685471674734665,
           0.11244592562729214,
           -0.2411041017108257,
           -0.0016529041940636369,
           0.030358036689289006,
           1,
           0.019358532583632085,
           -0.2608803722800017
          ],
          [
           -0.16647350015420456,
           0.035683161562087604,
           0.008543451616359408,
           0.024893122501088376,
           -0.021738243321351183,
           0.09430676156168832,
           -0.041901505743142844,
           -0.013293797592116028,
           -0.021171784066785482,
           0.019358532583632085,
           1,
           0.06025914977504523
          ],
          [
           -0.461328309747986,
           -0.2305508787002145,
           0.02157915275785426,
           0.03490381327862815,
           -0.031481071055528456,
           -0.33366502176265195,
           0.22644904434343321,
           -0.07630203110054463,
           -0.03835683105778328,
           -0.2608803722800017,
           0.06025914977504523,
           1
          ]
         ]
        }
       ],
       "layout": {
        "template": {
         "data": {
          "bar": [
           {
            "error_x": {
             "color": "#2a3f5f"
            },
            "error_y": {
             "color": "#2a3f5f"
            },
            "marker": {
             "line": {
              "color": "#E5ECF6",
              "width": 0.5
             }
            },
            "type": "bar"
           }
          ],
          "barpolar": [
           {
            "marker": {
             "line": {
              "color": "#E5ECF6",
              "width": 0.5
             }
            },
            "type": "barpolar"
           }
          ],
          "carpet": [
           {
            "aaxis": {
             "endlinecolor": "#2a3f5f",
             "gridcolor": "white",
             "linecolor": "white",
             "minorgridcolor": "white",
             "startlinecolor": "#2a3f5f"
            },
            "baxis": {
             "endlinecolor": "#2a3f5f",
             "gridcolor": "white",
             "linecolor": "white",
             "minorgridcolor": "white",
             "startlinecolor": "#2a3f5f"
            },
            "type": "carpet"
           }
          ],
          "choropleth": [
           {
            "colorbar": {
             "outlinewidth": 0,
             "ticks": ""
            },
            "type": "choropleth"
           }
          ],
          "contour": [
           {
            "colorbar": {
             "outlinewidth": 0,
             "ticks": ""
            },
            "colorscale": [
             [
              0,
              "#0d0887"
             ],
             [
              0.1111111111111111,
              "#46039f"
             ],
             [
              0.2222222222222222,
              "#7201a8"
             ],
             [
              0.3333333333333333,
              "#9c179e"
             ],
             [
              0.4444444444444444,
              "#bd3786"
             ],
             [
              0.5555555555555556,
              "#d8576b"
             ],
             [
              0.6666666666666666,
              "#ed7953"
             ],
             [
              0.7777777777777778,
              "#fb9f3a"
             ],
             [
              0.8888888888888888,
              "#fdca26"
             ],
             [
              1,
              "#f0f921"
             ]
            ],
            "type": "contour"
           }
          ],
          "contourcarpet": [
           {
            "colorbar": {
             "outlinewidth": 0,
             "ticks": ""
            },
            "type": "contourcarpet"
           }
          ],
          "heatmap": [
           {
            "colorbar": {
             "outlinewidth": 0,
             "ticks": ""
            },
            "colorscale": [
             [
              0,
              "#0d0887"
             ],
             [
              0.1111111111111111,
              "#46039f"
             ],
             [
              0.2222222222222222,
              "#7201a8"
             ],
             [
              0.3333333333333333,
              "#9c179e"
             ],
             [
              0.4444444444444444,
              "#bd3786"
             ],
             [
              0.5555555555555556,
              "#d8576b"
             ],
             [
              0.6666666666666666,
              "#ed7953"
             ],
             [
              0.7777777777777778,
              "#fb9f3a"
             ],
             [
              0.8888888888888888,
              "#fdca26"
             ],
             [
              1,
              "#f0f921"
             ]
            ],
            "type": "heatmap"
           }
          ],
          "heatmapgl": [
           {
            "colorbar": {
             "outlinewidth": 0,
             "ticks": ""
            },
            "colorscale": [
             [
              0,
              "#0d0887"
             ],
             [
              0.1111111111111111,
              "#46039f"
             ],
             [
              0.2222222222222222,
              "#7201a8"
             ],
             [
              0.3333333333333333,
              "#9c179e"
             ],
             [
              0.4444444444444444,
              "#bd3786"
             ],
             [
              0.5555555555555556,
              "#d8576b"
             ],
             [
              0.6666666666666666,
              "#ed7953"
             ],
             [
              0.7777777777777778,
              "#fb9f3a"
             ],
             [
              0.8888888888888888,
              "#fdca26"
             ],
             [
              1,
              "#f0f921"
             ]
            ],
            "type": "heatmapgl"
           }
          ],
          "histogram": [
           {
            "marker": {
             "colorbar": {
              "outlinewidth": 0,
              "ticks": ""
             }
            },
            "type": "histogram"
           }
          ],
          "histogram2d": [
           {
            "colorbar": {
             "outlinewidth": 0,
             "ticks": ""
            },
            "colorscale": [
             [
              0,
              "#0d0887"
             ],
             [
              0.1111111111111111,
              "#46039f"
             ],
             [
              0.2222222222222222,
              "#7201a8"
             ],
             [
              0.3333333333333333,
              "#9c179e"
             ],
             [
              0.4444444444444444,
              "#bd3786"
             ],
             [
              0.5555555555555556,
              "#d8576b"
             ],
             [
              0.6666666666666666,
              "#ed7953"
             ],
             [
              0.7777777777777778,
              "#fb9f3a"
             ],
             [
              0.8888888888888888,
              "#fdca26"
             ],
             [
              1,
              "#f0f921"
             ]
            ],
            "type": "histogram2d"
           }
          ],
          "histogram2dcontour": [
           {
            "colorbar": {
             "outlinewidth": 0,
             "ticks": ""
            },
            "colorscale": [
             [
              0,
              "#0d0887"
             ],
             [
              0.1111111111111111,
              "#46039f"
             ],
             [
              0.2222222222222222,
              "#7201a8"
             ],
             [
              0.3333333333333333,
              "#9c179e"
             ],
             [
              0.4444444444444444,
              "#bd3786"
             ],
             [
              0.5555555555555556,
              "#d8576b"
             ],
             [
              0.6666666666666666,
              "#ed7953"
             ],
             [
              0.7777777777777778,
              "#fb9f3a"
             ],
             [
              0.8888888888888888,
              "#fdca26"
             ],
             [
              1,
              "#f0f921"
             ]
            ],
            "type": "histogram2dcontour"
           }
          ],
          "mesh3d": [
           {
            "colorbar": {
             "outlinewidth": 0,
             "ticks": ""
            },
            "type": "mesh3d"
           }
          ],
          "parcoords": [
           {
            "line": {
             "colorbar": {
              "outlinewidth": 0,
              "ticks": ""
             }
            },
            "type": "parcoords"
           }
          ],
          "pie": [
           {
            "automargin": true,
            "type": "pie"
           }
          ],
          "scatter": [
           {
            "marker": {
             "colorbar": {
              "outlinewidth": 0,
              "ticks": ""
             }
            },
            "type": "scatter"
           }
          ],
          "scatter3d": [
           {
            "line": {
             "colorbar": {
              "outlinewidth": 0,
              "ticks": ""
             }
            },
            "marker": {
             "colorbar": {
              "outlinewidth": 0,
              "ticks": ""
             }
            },
            "type": "scatter3d"
           }
          ],
          "scattercarpet": [
           {
            "marker": {
             "colorbar": {
              "outlinewidth": 0,
              "ticks": ""
             }
            },
            "type": "scattercarpet"
           }
          ],
          "scattergeo": [
           {
            "marker": {
             "colorbar": {
              "outlinewidth": 0,
              "ticks": ""
             }
            },
            "type": "scattergeo"
           }
          ],
          "scattergl": [
           {
            "marker": {
             "colorbar": {
              "outlinewidth": 0,
              "ticks": ""
             }
            },
            "type": "scattergl"
           }
          ],
          "scattermapbox": [
           {
            "marker": {
             "colorbar": {
              "outlinewidth": 0,
              "ticks": ""
             }
            },
            "type": "scattermapbox"
           }
          ],
          "scatterpolar": [
           {
            "marker": {
             "colorbar": {
              "outlinewidth": 0,
              "ticks": ""
             }
            },
            "type": "scatterpolar"
           }
          ],
          "scatterpolargl": [
           {
            "marker": {
             "colorbar": {
              "outlinewidth": 0,
              "ticks": ""
             }
            },
            "type": "scatterpolargl"
           }
          ],
          "scatterternary": [
           {
            "marker": {
             "colorbar": {
              "outlinewidth": 0,
              "ticks": ""
             }
            },
            "type": "scatterternary"
           }
          ],
          "surface": [
           {
            "colorbar": {
             "outlinewidth": 0,
             "ticks": ""
            },
            "colorscale": [
             [
              0,
              "#0d0887"
             ],
             [
              0.1111111111111111,
              "#46039f"
             ],
             [
              0.2222222222222222,
              "#7201a8"
             ],
             [
              0.3333333333333333,
              "#9c179e"
             ],
             [
              0.4444444444444444,
              "#bd3786"
             ],
             [
              0.5555555555555556,
              "#d8576b"
             ],
             [
              0.6666666666666666,
              "#ed7953"
             ],
             [
              0.7777777777777778,
              "#fb9f3a"
             ],
             [
              0.8888888888888888,
              "#fdca26"
             ],
             [
              1,
              "#f0f921"
             ]
            ],
            "type": "surface"
           }
          ],
          "table": [
           {
            "cells": {
             "fill": {
              "color": "#EBF0F8"
             },
             "line": {
              "color": "white"
             }
            },
            "header": {
             "fill": {
              "color": "#C8D4E3"
             },
             "line": {
              "color": "white"
             }
            },
            "type": "table"
           }
          ]
         },
         "layout": {
          "annotationdefaults": {
           "arrowcolor": "#2a3f5f",
           "arrowhead": 0,
           "arrowwidth": 1
          },
          "autotypenumbers": "strict",
          "coloraxis": {
           "colorbar": {
            "outlinewidth": 0,
            "ticks": ""
           }
          },
          "colorscale": {
           "diverging": [
            [
             0,
             "#8e0152"
            ],
            [
             0.1,
             "#c51b7d"
            ],
            [
             0.2,
             "#de77ae"
            ],
            [
             0.3,
             "#f1b6da"
            ],
            [
             0.4,
             "#fde0ef"
            ],
            [
             0.5,
             "#f7f7f7"
            ],
            [
             0.6,
             "#e6f5d0"
            ],
            [
             0.7,
             "#b8e186"
            ],
            [
             0.8,
             "#7fbc41"
            ],
            [
             0.9,
             "#4d9221"
            ],
            [
             1,
             "#276419"
            ]
           ],
           "sequential": [
            [
             0,
             "#0d0887"
            ],
            [
             0.1111111111111111,
             "#46039f"
            ],
            [
             0.2222222222222222,
             "#7201a8"
            ],
            [
             0.3333333333333333,
             "#9c179e"
            ],
            [
             0.4444444444444444,
             "#bd3786"
            ],
            [
             0.5555555555555556,
             "#d8576b"
            ],
            [
             0.6666666666666666,
             "#ed7953"
            ],
            [
             0.7777777777777778,
             "#fb9f3a"
            ],
            [
             0.8888888888888888,
             "#fdca26"
            ],
            [
             1,
             "#f0f921"
            ]
           ],
           "sequentialminus": [
            [
             0,
             "#0d0887"
            ],
            [
             0.1111111111111111,
             "#46039f"
            ],
            [
             0.2222222222222222,
             "#7201a8"
            ],
            [
             0.3333333333333333,
             "#9c179e"
            ],
            [
             0.4444444444444444,
             "#bd3786"
            ],
            [
             0.5555555555555556,
             "#d8576b"
            ],
            [
             0.6666666666666666,
             "#ed7953"
            ],
            [
             0.7777777777777778,
             "#fb9f3a"
            ],
            [
             0.8888888888888888,
             "#fdca26"
            ],
            [
             1,
             "#f0f921"
            ]
           ]
          },
          "colorway": [
           "#636efa",
           "#EF553B",
           "#00cc96",
           "#ab63fa",
           "#FFA15A",
           "#19d3f3",
           "#FF6692",
           "#B6E880",
           "#FF97FF",
           "#FECB52"
          ],
          "font": {
           "color": "#2a3f5f"
          },
          "geo": {
           "bgcolor": "white",
           "lakecolor": "white",
           "landcolor": "#E5ECF6",
           "showlakes": true,
           "showland": true,
           "subunitcolor": "white"
          },
          "hoverlabel": {
           "align": "left"
          },
          "hovermode": "closest",
          "mapbox": {
           "style": "light"
          },
          "paper_bgcolor": "white",
          "plot_bgcolor": "#E5ECF6",
          "polar": {
           "angularaxis": {
            "gridcolor": "white",
            "linecolor": "white",
            "ticks": ""
           },
           "bgcolor": "#E5ECF6",
           "radialaxis": {
            "gridcolor": "white",
            "linecolor": "white",
            "ticks": ""
           }
          },
          "scene": {
           "xaxis": {
            "backgroundcolor": "#E5ECF6",
            "gridcolor": "white",
            "gridwidth": 2,
            "linecolor": "white",
            "showbackground": true,
            "ticks": "",
            "zerolinecolor": "white"
           },
           "yaxis": {
            "backgroundcolor": "#E5ECF6",
            "gridcolor": "white",
            "gridwidth": 2,
            "linecolor": "white",
            "showbackground": true,
            "ticks": "",
            "zerolinecolor": "white"
           },
           "zaxis": {
            "backgroundcolor": "#E5ECF6",
            "gridcolor": "white",
            "gridwidth": 2,
            "linecolor": "white",
            "showbackground": true,
            "ticks": "",
            "zerolinecolor": "white"
           }
          },
          "shapedefaults": {
           "line": {
            "color": "#2a3f5f"
           }
          },
          "ternary": {
           "aaxis": {
            "gridcolor": "white",
            "linecolor": "white",
            "ticks": ""
           },
           "baxis": {
            "gridcolor": "white",
            "linecolor": "white",
            "ticks": ""
           },
           "bgcolor": "#E5ECF6",
           "caxis": {
            "gridcolor": "white",
            "linecolor": "white",
            "ticks": ""
           }
          },
          "title": {
           "x": 0.05
          },
          "xaxis": {
           "automargin": true,
           "gridcolor": "white",
           "linecolor": "white",
           "ticks": "",
           "title": {
            "standoff": 15
           },
           "zerolinecolor": "white",
           "zerolinewidth": 2
          },
          "yaxis": {
           "automargin": true,
           "gridcolor": "white",
           "linecolor": "white",
           "ticks": "",
           "title": {
            "standoff": 15
           },
           "zerolinecolor": "white",
           "zerolinewidth": 2
          }
         }
        },
        "title": {
         "text": "Correlation Between Song Features"
        },
        "xaxis": {
         "nticks": 36
        }
       }
      },
      "text/html": [
